time: 0
-0.0390625 -0.05859375 -0.0390625 -0.0390625 -0.05859375 -0.0390625 -0.0390625 -0.05859375 -0.0390625 -0 
-0.0390625 -0.05859375 -0.0390625 -0.0390625 -0.05859375 -0.0390625 -0.0390625 -0.05859375 -0.0390625 -0 
-0.0390625 -0.05859375 -0.0390625 -0.0390625 -0.05859375 -0.0390625 -0.0390625 -0.05859375 -0.0390625 -0 
-0.0390625 -0.05859375 -0.0390625 -0.0390625 -0.05859375 -0.0390625 -0.0390625 -0.05859375 -0.0390625 -0 
-0.0390625 -0.05859375 -0.0390625 -0.0390625 -0.05859375 -0.0390625 -0.0390625 -0.05859375 -0.0390625 -0 
-0.0390625 -0.05859375 -0.0390625 -0.0390625 -0.05859375 -0.0390625 -0.0390625 -0.05859375 -0.0390625 -0 
-0.0390625 -0.05859375 -0.0390625 -0.0390625 -0.05859375 -0.0390625 -0.0390625 -0.05859375 -0.0390625 -0 
-0.0390625 -0.05859375 -0.0390625 -0.0390625 -0.05859375 -0.0390625 -0.0390625 -0.05859375 -0.0390625 -0 
-0.0390625 -0.05859375 -0.0390625 -0.0390625 -0.05859375 -0.0390625 -0.0390625 -0.05859375 -0.0390625 -0 
-0.0390625 -0.05859375 -0.0390625 -0.0390625 -0.05859375 -0.0390625 -0.0390625 -0.05859375 -0.0390625 -0 
time: 0.1
-0.0390625 -0.05859375 -0.0390625 -0.0390625 -0.05859375 -0.0390625 -0.0390625 -0.05859375 -0.0390625 0 
-0.0390625 -0.05859375 -0.0390625 -0.0390625 -0.05859375 -0.0390625 -0.0390625 -0.05859375 -0.0390625 0 
-0.0390625 -0.05859375 -0.0390625 -0.0390625 -0.05859375 -0.0390625 -0.0390625 -0.05859375 -0.0390625 0 
-0.0390625 -0.05859375 -0.0390625 -0.0390625 -0.05859375 -0.0390625 -0.0390625 -0.05859375 -0.0390625 0 
-0.0390625 -0.05859375 -0.0390625 -0.0390625 -0.05859375 -0.0390625 -0.0390625 -0.05859375 -0.0390625 0 
-0.0390625 -0.05859375 -0.0390625 -0.0390625 -0.05859375 -0.0390625 -0.0390625 -0.05859375 -0.0390625 0 
-0.0390625 -0.05859375 -0.0390625 -0.0390625 -0.05859375 -0.0390625 -0.0390625 -0.05859375 -0.0390625 0 
-0.0390625 -0.05859375 -0.0390625 -0.0390625 -0.05859375 -0.0390625 -0.0390625 -0.05859375 -0.0390625 0 
-0.0390625 -0.05859375 -0.0390625 -0.0390625 -0.05859375 -0.0390625 -0.0390625 -0.05859375 -0.0390625 0 
21990.556640625 21209.291015625 21599.94140625 21990.5703125 21209.306640625 21599.95703125 21990.5859375 21209.3203125 20818.72265625 21600.013671875 
time: 0.2
-0.03910358995199203 -0.05863524228334427 -0.03909687325358391 -0.03910358995199203 -0.05863524228334427 -0.03909687325358391 -0.03910358995199203 -0.05863524228334427 -0.03908344730734825 0 
-0.03910358995199203 -0.05863524228334427 -0.03909687325358391 -0.03910358995199203 -0.05863524228334427 -0.03909687325358391 -0.03910358995199203 -0.05863524228334427 -0.03908344730734825 0 
-0.03910358995199203 -0.05863524228334427 -0.03909687325358391 -0.03910358995199203 -0.05863524228334427 -0.03909687325358391 -0.03910358995199203 -0.05863524228334427 -0.03908344730734825 0 
-0.03910358995199203 -0.05863524228334427 -0.03909687325358391 -0.03910358995199203 -0.05863524228334427 -0.03909687325358391 -0.03910358995199203 -0.05863524228334427 -0.03908344730734825 0 
-0.03910358995199203 -0.05863524228334427 -0.03909687325358391 -0.03910358995199203 -0.05863524228334427 -0.03909687325358391 -0.03910358995199203 -0.05863524228334427 -0.03908344730734825 0 
-0.03910358995199203 -0.05863524228334427 -0.03909687325358391 -0.03910358995199203 -0.05863524228334427 -0.03909687325358391 -0.03910358995199203 -0.05863524228334427 -0.03908344730734825 0 
-0.03910358995199203 -0.05863524228334427 -0.03909687325358391 -0.03910358995199203 -0.05863524228334427 -0.03909687325358391 -0.03910358995199203 -0.05863524228334427 -0.03908344730734825 0 
-0.03910358995199203 -0.05863524228334427 -0.03909687325358391 -0.03910358995199203 -0.05863524228334427 -0.03909687325358391 -0.03910358995199203 -0.05863524228334427 -0.03908344730734825 0 
416.7625427246094 600.6760864257812 383.0858154296875 416.7626037597656 600.6761474609375 383.0858764648438 386.1376342773438 600.67626953125 407.6074523925781 -392000576 
63892724 37307332 38941000 63892756 37307392 38941064 63917320 52743200 27892458 8640928940032 
time: 0.3
-0.0391857735812664 -0.05871821194887161 -0.03916562721133232 -0.0391857735812664 -0.05871821194887161 -0.03916562721133232 -0.0391857735812664 -0.05871819704771042 -0.03912531957030296 0 
-0.0391857735812664 -0.05871821194887161 -0.03916562721133232 -0.0391857735812664 -0.05871821194887161 -0.03916562721133232 -0.0391857735812664 -0.05871819704771042 -0.03912531957030296 0 
-0.0391857735812664 -0.05871821194887161 -0.03916562721133232 -0.0391857735812664 -0.05871821194887161 -0.03916562721133232 -0.0391857735812664 -0.05871819704771042 -0.03912531957030296 0 
-0.0391857735812664 -0.05871821194887161 -0.03916562721133232 -0.0391857735812664 -0.05871821194887161 -0.03916562721133232 -0.0391857735812664 -0.05871819704771042 -0.03912531957030296 0 
-0.0391857735812664 -0.05871821194887161 -0.03916562721133232 -0.0391857735812664 -0.05871821194887161 -0.03916562721133232 -0.0391857735812664 -0.05871819704771042 -0.03912531957030296 0 
-0.0391857735812664 -0.05871821194887161 -0.03916562721133232 -0.0391857735812664 -0.05871821194887161 -0.03916562721133232 -0.0391857735812664 -0.05871819704771042 -0.03912531957030296 0 
-0.0391857735812664 -0.05871821194887161 -0.03916562721133232 -0.0391857735812664 -0.05871821194887161 -0.03916562721133232 -0.0391857735812664 -0.05871819704771042 -0.03912531957030296 0 
43867132 40804660 42335928 43867192 40804716 42335988 43867256 40804776 39273544 42336056 
-2795154176 -2356419072 -1618726528 -2795156224 -2356423168 -1617513088 -2601700352 -3284937216 17936215441408 3.384266531734532e+20 
1605022299193344 73971357712384 -934671252717568 1605022836064256 73971550650368 -920238551990272 919296880410624 1285518474084352 6.853328363072749e+25 1.382706034985411e+30 
