time: 0
-0 -0 -0 -0 -0 -0 -0 -0 -0 -0 
-0 -0 -0 -0 -0 -0 -0 -0 -0 -0 
-0 -0 -0 -0 -0 -0 -0 -0 -0 -0 
-0 -0 -0 -0 -0 -0 -0 -0 -0 -0 
-0 -0 -0 -0 -0 -0 -0 -0 -0 -0 
-0 -0 -0 -0 -0 -0 -0 -0 -0 -0 
-0 -0 -0 -0 -0 -0 -0 -0 -0 -0 
-0 -0 -0 -0 -0 -0 -0 -0 -0 -0 
-0 -0 -0 -0 -0 -0 -0 -0 -0 -0 
199999.71875 199999.765625 199999.828125 199999.859375 199999.90625 199999.96875 200000 200000.03125 200000.09375 200000.140625 
time: 0.1000000014901161
-0.003437499981373549 -0.005156249739229679 -0.003437499981373549 -0.003437499981373549 -0.005156249739229679 -0.003437499981373549 -0.003437499981373549 -0.005156249739229679 -0.003437499981373549 0 
-0.003437499981373549 -0.005156249739229679 -0.003437499981373549 -0.003437499981373549 -0.005156249739229679 -0.003437499981373549 -0.003437499981373549 -0.005156249739229679 -0.003437499981373549 0 
-0.003437499981373549 -0.005156249739229679 -0.003437499981373549 -0.003437499981373549 -0.005156249739229679 -0.003437499981373549 -0.003437499981373549 -0.005156249739229679 -0.003437499981373549 0 
-0.003437499981373549 -0.005156249739229679 -0.003437499981373549 -0.003437499981373549 -0.005156249739229679 -0.003437499981373549 -0.003437499981373549 -0.005156249739229679 -0.003437499981373549 0 
-0.003437499981373549 -0.005156249739229679 -0.003437499981373549 -0.003437499981373549 -0.005156249739229679 -0.003437499981373549 -0.003437499981373549 -0.005156249739229679 -0.003437499981373549 0 
-0.003437499981373549 -0.005156249739229679 -0.003437499981373549 -0.003437499981373549 -0.005156249739229679 -0.003437499981373549 -0.003437499981373549 -0.005156249739229679 -0.003437499981373549 0 
-0.003437499981373549 -0.005156249739229679 -0.003437499981373549 -0.003437499981373549 -0.005156249739229679 -0.003437499981373549 -0.003437499981373549 -0.005156249739229679 -0.003437499981373549 0 
-0.003437499981373549 -0.005156249739229679 -0.003437499981373549 -0.003437499981373549 -0.005156249739229679 -0.003437499981373549 -0.003437499981373549 -0.005156249739229679 -0.003437499981373549 0 
781.2454833984375 1171.868408203125 781.2459106445312 781.2460327148438 1171.869262695312 781.2464599609375 781.24658203125 1171.869995117188 781.2469482421875 0 
198280.96875 197577.890625 198593.578125 198281.109375 197578.03125 198593.71875 198593.75 197578.15625 198281.34375 4000205824 
time: 0.2000000029802322
-0.006875590886920691 -0.0103116137906909 -0.006874999962747097 -0.006875590886920691 -0.0103116137906909 -0.006874999962747097 -0.006875590886920691 -0.0103116137906909 -0.006873818580061197 0 
-0.006875590886920691 -0.0103116137906909 -0.006874999962747097 -0.006875590886920691 -0.0103116137906909 -0.006874999962747097 -0.006875590886920691 -0.0103116137906909 -0.006873818580061197 0 
-0.006875590886920691 -0.0103116137906909 -0.006874999962747097 -0.006875590886920691 -0.0103116137906909 -0.006874999962747097 -0.006875590886920691 -0.0103116137906909 -0.006873818580061197 0 
-0.006875590886920691 -0.0103116137906909 -0.006874999962747097 -0.006875590886920691 -0.0103116137906909 -0.006874999962747097 -0.006875590886920691 -0.0103116137906909 -0.006873818580061197 0 
-0.006875590886920691 -0.0103116137906909 -0.006874999962747097 -0.006875590886920691 -0.0103116137906909 -0.006874999962747097 -0.006875590886920691 -0.0103116137906909 -0.006873818580061197 0 
-0.006875590886920691 -0.0103116137906909 -0.006874999962747097 -0.006875590886920691 -0.0103116137906909 -0.006874999962747097 -0.006875590886920691 -0.0103116137906909 -0.006873818580061197 0 
-0.006875590886920691 -0.0103116137906909 -0.006874999962747097 -0.006875590886920691 -0.0103116137906909 -0.006874999962747097 -0.006875590886920691 -0.0103116137906909 -0.006873818580061197 0 
3.044878005981445 6.856135368347168 3.044880151748657 3.044880151748657 6.856139659881592 3.044882535934448 3.044882297515869 6.856144428253174 3.044885635375977 0 
-28964.513671875 48098.49609375 1553.937255859375 -28964.556640625 48098.56640625 1553.9384765625 -28963.373046875 48098.625 62587.41015625 0 
450169792 399178176 435364800 450170400 399178720 429159328 457086912 405353600 -79312661250048 1.600173422850081e+18 
time: 0.300000011920929
6.727185249328613 -3.38421368598938 -3.379061937332153 6.727185249328613 -3.38421368598938 -3.379061937332153 6.727185249328613 3.353286266326904 -6.747806072235107 0 
6.727185249328613 -3.38421368598938 -3.379061937332153 6.727185249328613 -3.38421368598938 -3.379061937332153 6.727185249328613 3.353286266326904 -6.747806072235107 0 
6.727185249328613 -3.38421368598938 -3.379061937332153 6.727185249328613 -3.38421368598938 -3.379061937332153 6.727185249328613 3.353286266326904 -6.747806072235107 0 
6.727185249328613 -3.38421368598938 -3.379061937332153 6.727185249328613 -3.38421368598938 -3.379061937332153 6.727185249328613 3.353286266326904 -6.747806072235107 0 
6.727185249328613 -3.38421368598938 -3.379061937332153 6.727185249328613 -3.38421368598938 -3.379061937332153 6.727185249328613 3.353286266326904 -6.747806072235107 0 
6.727185249328613 -3.38421368598938 -3.379061937332153 6.727185249328613 -3.38421368598938 -3.379061937332153 6.727185249328613 3.353286266326904 -6.747806072235107 0 
6.739118099212646 -3.343952178955078 -3.367130756378174 6.739118099212646 -3.343952178955078 -3.367130756378174 6.739118099212646 3.393547773361206 -6.735879421234131 0 
-104.6550827026367 288.0817565917969 5.736196994781494 -104.6552505493164 288.0821838378906 5.736204624176025 -104.6506271362305 294.820068359375 241.8323669433594 0 
-18542479360 -23749339136 -16671873024 -18542508032 -23749371904 -16434153472 -17430857728 -24416911360 3232843626971136 6.272688962068028e+25 
5171746214772736 44736660373504 1050770728288256 5171758025932800 292470059433984 472654171602944 5286239305465856 3.214985791890883e+21 1.269203102765779e+31 2.560568844115914e+35 
