time: 0
19999.97265625 19999.9765625 19999.982421875 19999.986328125 19999.990234375 19999.99609375 20000 20000.00390625 20000.009765625 20000.013671875 
19999.97265625 19999.9765625 19999.982421875 19999.986328125 19999.990234375 19999.99609375 20000 20000.00390625 20000.009765625 20000.013671875 
19999.97265625 19999.9765625 19999.982421875 19999.986328125 19999.990234375 19999.99609375 20000 20000.00390625 20000.009765625 20000.013671875 
19999.97265625 19999.9765625 19999.982421875 19999.986328125 19999.990234375 19999.99609375 20000 20000.00390625 20000.009765625 20000.013671875 
19999.97265625 19999.9765625 19999.982421875 19999.986328125 19999.990234375 19999.99609375 20000 20000.00390625 20000.009765625 20000.013671875 
19999.97265625 19999.9765625 19999.982421875 19999.986328125 19999.990234375 19999.99609375 20000 20000.00390625 20000.009765625 20000.013671875 
19999.97265625 19999.9765625 19999.982421875 19999.986328125 19999.990234375 19999.99609375 20000 20000.00390625 20000.009765625 20000.013671875 
19999.97265625 19999.9765625 19999.982421875 19999.986328125 19999.990234375 19999.99609375 20000 20000.00390625 20000.009765625 20000.013671875 
19999.97265625 19999.9765625 19999.982421875 19999.986328125 19999.990234375 19999.99609375 20000 20000.00390625 20000.009765625 20000.013671875 
19999.97265625 19999.9765625 19999.982421875 19999.986328125 19999.990234375 19999.99609375 20000 20000.00390625 20000.009765625 20000.013671875 
time: 2
nan nan nan nan nan nan nan nan nan nan 
nan nan nan nan nan nan nan nan nan nan 
nan nan nan nan nan nan nan nan nan nan 
nan nan nan nan nan nan nan nan nan nan 
nan nan nan nan nan nan nan nan nan nan 
nan nan nan nan nan nan nan nan nan nan 
nan nan nan nan nan nan nan nan nan nan 
nan nan nan nan nan nan nan nan nan nan 
nan nan nan nan nan nan nan nan nan nan 
nan nan nan nan nan nan nan nan nan nan 
